   3.00316719E-06  -1.99614192E-06   2.90299795E-06   3.33053276E-06   18.9585152      -12.6610394      -19.1712208    
   3.00316719E-06  -8.54665529E-07   3.29582008E-06  -3.45131070E-06   18.5695190       20.4211388       11.1987944    
   3.00316719E-06   4.05008177E-06  -2.39796486E-06  -1.16233844E-06   4.33534145     -0.540175021       29.4648285    
   3.00316719E-06  -7.05464856E-07   1.39993506E-06  -4.58769364E-06   10.8883686       12.0676661      -24.9615269    
   3.00316719E-06  -4.45588239E-06  -1.79783990E-06  -6.45995499E-07 -0.742868900     -0.547680378       29.7726593    
   3.00316719E-06   4.11880455E-06  -9.74925683E-07   2.36419032E-06  -2.54576278       5.63736725       29.1376419    
   3.00316719E-06  -5.97375527E-09  -3.08422977E-06   3.74057731E-06 -0.537176728      -4.68025970      -29.4120655    
   3.00316719E-06  -2.61501526E-07   1.04333424E-07  -4.83995473E-06   7.73502302      -3.33195710       28.5715008    
   3.00316719E-06   2.45086926E-06   3.74799606E-06   1.85747035E-06  -4.02635336       9.81443405       27.8339424    
   3.00316719E-06   4.42513374E-06  -1.92653806E-06  -4.59428406E-07   14.2371006       18.1806870      -18.8156986    
