  1.000000E+00 -5.081735E-01  4.265008E-01 -3.343423E-01 -7.858898E-04  1.011669E-01 -9.012129E-02
  1.000000E+00 -1.129549E+00  2.420478E-01 -2.376273E+00  4.080665E-02 -3.429543E-02 -6.163987E-02
  1.000000E+00  1.785218E-01  5.895576E-01  1.744080E-01 -8.102839E-03  6.327154E-02  1.097341E-02
  1.000000E+00  3.615294E-01  8.000881E-01 -1.754738E-01 -2.985622E-02 -4.507050E-02  7.825366E-02
  1.000000E+00 -8.202465E-01 -3.927533E-01  4.158613E-01  2.501645E-02 -1.907944E-02  9.901670E-02
  1.000000E+00 -4.227243E-01 -1.893707E+00  3.235582E+00  3.395768E-02  2.518003E-02  5.265155E-02
  1.000000E+00 -7.698406E-02 -1.387218E+00 -2.910482E-01 -4.861477E-02 -5.179722E-02 -1.604164E-02
  1.000000E+00  2.040998E+00 -3.011162E-02  3.617850E-01 -1.330781E-02 -2.262100E-02  8.677269E-03
  1.000000E+00  1.163048E+00  1.340114E+00 -1.421584E+00  8.963190E-03  5.624188E-02  3.789380E-02
  1.000000E+00 -7.864191E-01  3.054813E-01  4.110854E-01 -8.277273E-03 -7.313000E-02 -1.198546E-01
  3.003167E-06 -5.081755E-01  4.265037E-01 -3.343390E-01  1.895773E+01 -1.255987E+01 -1.926134E+01
  3.003167E-06 -1.129550E+00  2.420511E-01 -2.376276E+00  1.861033E+01  2.038684E+01  1.113715E+01
  3.003167E-06  1.785258E-01  5.895552E-01  1.744068E-01  4.327239E+00 -4.769035E-01  2.947580E+01
  3.003167E-06  3.615287E-01  8.000895E-01 -1.754783E-01  1.085851E+01  1.202260E+01 -2.488327E+01
  3.003167E-06 -8.202509E-01 -3.927551E-01  4.158607E-01 -7.178524E-01 -5.667598E-01  2.987168E+01
  3.003167E-06 -4.227202E-01 -1.893708E+00  3.235584E+00 -2.511805E+00  5.662547E+00  2.919029E+01
  3.003167E-06 -7.698407E-02 -1.387221E+00 -2.910445E-01 -5.857915E-01 -4.732057E+00 -2.942811E+01
  3.003167E-06  2.040997E+00 -3.011151E-02  3.617801E-01  7.721715E+00 -3.354578E+00  2.858018E+01
  3.003167E-06  1.163050E+00  1.340118E+00 -1.421583E+00 -4.017390E+00  9.870676E+00  2.787184E+01
  3.003167E-06 -7.864147E-01  3.054794E-01  4.110850E-01  1.422882E+01  1.810756E+01 -1.893555E+01
