1 5000000.0 0
20 1 10 51199 5 1
0.02 0.02 0.59746925 1.00000000 100.00000000 14000.00000000 1.0E+03 5.02117892 1.00000000
2 2 1 0 1 0 2 0 0 2
0 1 0 3 2 1 1 0 0 3
0 -1 2 0 1 2 0 1 0 1
0 0 0 2 1 0 2 0 0 3
0 0 0 0 0 0 0 0 0 0
1.0E-5 1.0E-4 0.2 1.0 1.0E-06 0.001
2.350000 100.00000000 0.08000000 9 0 0.02000000 0.00000000 100.00000000
0.50 0.0 0.0 0.00000 0.125
1.50000000e+10 5.00000000e+10 4.000000 0.500000 220.000000 8.500000 0.0000000 0.000000 0.000000 0.000000 0.0000 0.00000 1.000000
8.500000 0.000000 0.000000 0.000000 220.000000 0.000000
0.00 0.00 0.00 0.00
