   8   2   1    19  19   0     43.2   4.29   4.46  3.205     0.0  -0.0000   0.0000
   0.000000   0.000000  -0.003973   0.002811   0.000000   0.000000   0.000000   0.000000   0.000000   0.000000
   0.00000   0.00000   0.12240   0.12637   0.00000  -0.00571  -0.00071   0.00000  -0.06652   0.90000   0.80000  -0.00000   0.00000
-0.00071  0.635 -34.33  2.50  1.0  0.0  1620.7     3    13   0   0   0
-0.00071  0.813 -31.37  2.27  1.0  0.0  1620.7     7    17   0   0   0
-0.00071  0.984 -74.70  4.29  1.0  0.0  1620.7     8    18   0   0   0
-0.00071  0.633 -54.01  3.52  1.0  0.0  1620.7     2    12   0   0   0
-0.00071  0.916 -69.96  8.02  1.0  0.0  1620.7     4    14   0   0   0
-0.00071  0.691 136.88  7.36  0.0  1.0  1620.7    16     6   0   0   0
-0.00071  0.660-134.53  7.11  1.0  0.0  1620.7    10    20   0   0   0
-0.00071  0.975 -19.72  2.60  1.0  0.0  1620.7     1    11   0   0   0
   7   3   1    17  17   0     86.3   6.53   4.30  3.072     0.0  -0.0000   0.0000
   0.000000   0.000000   0.069303   0.002811   0.000000   0.000000  -0.000714   0.045258   0.000000   0.000000
   0.00000   0.00000   0.17346   0.10416   0.00000  -0.00500  -0.00071   0.00000  -0.22826   0.80000   0.70000  -0.00000   0.00000
-0.00071  0.635 -37.85  6.53  1.0  0.0  1620.7     3    13   0   0   0
-0.00071  0.813  60.16  6.32  1.0  0.0  1620.7     7    17   0   0   0
-0.00071  0.984 -92.35  7.91  1.0  0.0  1620.7     8    18   0   0   0
-0.00071  0.633 -48.35  7.51  1.0  0.0  1620.7     2    12   0   0   0
-0.00071  0.916-124.40  7.58  1.0  0.0  1620.7     4    14   0   0   0
-0.00071  0.660 -72.30  5.63  1.0  0.0  1620.7    10    20   0   0   0
-0.00071  0.975 -25.13  6.26  1.0  0.0  1620.7     1    11   0   0   0
