   1.00000000     -0.508173525      0.426500827     -0.334342301      -7.65806821E-04  0.101180248      -9.01021883E-02
   1.00000000      -1.12954938      0.242047831      -2.37627292       4.08267379E-02  -3.42821032E-02  -6.16207644E-02
   1.00000000      0.178521767      0.589557588      0.174407944      -8.08275584E-03   6.32848665E-02   1.09925158E-02
   1.00000000      0.361529380      0.800088108     -0.175473765      -2.98361406E-02  -4.50571775E-02   7.82727674E-02
   1.00000000     -0.820246458     -0.392753273      0.415861309       2.50365362E-02  -1.90661140E-02   9.90358070E-02
   1.00000000     -0.422724277      -1.89370680       3.23558187       3.39777581E-02   2.51933485E-02   5.26706576E-02
   1.00000000      -7.69840702E-02  -1.38721800     -0.291048229      -4.85946834E-02  -5.17839007E-02  -1.60225369E-02
   1.00000000       2.04099774      -3.01116183E-02  0.361784965      -1.32877249E-02  -2.26076804E-02   8.69637448E-03
   1.00000000       1.16304791       1.34011400      -1.42158437       8.98327306E-03   5.62551990E-02   3.79129089E-02
   1.00000000     -0.786419153      0.305481315      0.411085427      -8.25718977E-03  -7.31166750E-02 -0.119835541    
